x_coord=1.295306
y_coord=1.359397
