x_coord=-4.527210
y_coord=-4.376919
