x_coord=1.689795
y_coord=1.175676
