x_coord=-0.595216
y_coord=-1.534268
