x_coord=0.023033
y_coord=-0.009471
