x_coord=-1.807960
y_coord=0.237924
