x_coord=1.275652
y_coord=1.495011
