x_coord=2.320056
y_coord=0.380715
