x_coord=-2.342804
y_coord=5.000000
