x_coord=0.030284
y_coord=0.101930
