x_coord=-5.000000
y_coord=4.050570
