x_coord=-4.950014
y_coord=4.981407
