x_coord=2.360688
y_coord=5.000000
