x_coord=-1.124714
y_coord=3.797426
