x_coord=-0.916058
y_coord=3.036628
