x_coord=-3.612581
y_coord=-3.520878
