x_coord=1.023812
y_coord=1.968041
